160
160
160
160
160
160
160
160
160
160
160
160
160
160
160
160
161
161
161
161
161
161
161
161
161
161
161
161
162
162
162
162
162
162
162
162
162
162
161
161
161
161
161
161
161
161
161
161
161
161
161
161
161
161
161
161
161
161
161
161
161
161
161
161
161
161
161
161
162
162
162
163
163
163
163
163
163
163
163
164
165
165
165
164
164
164
161
154
143
129
119
117
116
117
120
131
147
165
170
166
162
159
159
159
159
158
157
156
156
156
156
157
156
156
155
154
153
153
152
151
151
150
149
149
147
146
145
144
142
141
139
137
136
134
133
132
131
130
129
129
129
129
130
130
131
132
134
136
137
139
142
144
146
148
151
153
154
156
157
158
159
160
160
160
160
160
160
159
159
159
158
158
158
158
158
158
158
158
158
158
158
158
158
158
159
159
159
160
160
160
160
161
161
161
161
161
161
162
162
162
162
162
162
162
161
162
161
161
161
161
161
161
161
161
161
161
161
161
161
161
161
161
161
161
161
161
161
161
161
162
162
162
162
162
162
162
161
161
161
161
160
160
159
159
158
158
158
157
157
157
157
157
157
157
158
158
158
158
159
159
159
159
160
160
161
162
162
162
162
162
162
159
150
137
124
118
117
117
118
124
139
155
168
169
164
160
158
158
158
159
159
159
158
158
157
157
156
156
155
154
154
153
153
152
151
151
150
149
148
147
146
145
143
142
140
139
137
136
134
133
132
131
130
130
130
130
130
131
132
133
134
136
138
140
142
145
147
149
151
154
156
157
159
160
161
162
162
162
162
162
161
161
160
160
159
159
159
158
158
158
158
157
157
158
158
158
158
158
158
158
159
159
159
159
160
160
160
160
160
160
160
160
160
160
160
160
160
160
160
160
160
160
160
160
160
160
160
160
160
161
161
161
161
161
161
161
161
161
161
161
161
161
160
160
160
159
159
158
158
158
157
157
157
157
157
157
157
158
158
158
159
159
159
159
160
160
161
161
163
163
163
163
162
162
158
150
140
129
122
121
122
123
130
139
155
167
168
162
161
161
160
161
161
160
159
159
159
159
158
158
157
157
156
155
154
154
153
152
152
151
150
149
148
147
146
145
143
142
140
139
138
137
135
134
133
132
131
130
130
129
129
129
130
131
133
135
138
141
144
147
150
153
155
157
159
159
160
161
161
161
161
162
162
161
161
161
160
160
159
159
158
158
158
158
158
157
158
158
158
158
158
158
159
159
159
159
159
160
160
160
160
160
161
161
161
161
161
161
160
160
161
160
161
161
161
161
161
161
161
161
161
161
161
161
161
161
162
161
161
161
161
161
161
161
161
161
161
161
161
161
161
161
161
161
161
161
161
160
160
160
160
159
159
159
159
158
158
158
158
159
159
159
159
159
160
160
160
160
160
161
161
162
163
163
163
162
162
160
153
141
131
122
118
118
118
120
130
143
163
168
165
162
160
160
160
160
160
159
158
158
158
158
158
158
157
156
156
155
155
154
153
152
152
151
150
149
148
147
145
144
143
141
139
138
136
134
133
132
131
131
131
130
131
131
131
132
134
135
137
139
141
143
145
148
150
152
155
156
158
160
161
162
162
163
163
163
161
160
160
161
161
160
160
159
159
159
159
159
159
159
159
159
159
159
159
159
159
160
160
160
160
160
160
160
160
160
161
161
161
161
161
161
161
161
161
161
161
161
162
162
162
162
162
162
162
162
163
163
163
163
163
163
163
162
163
163
163
163
163
163
163
163
163
163
163
163
163
162
162
162
161
161
161
160
159
159
158
158
157
157
157
157
157
157
157
157
158
158
159
159
159
159
160
160
161
161
160
160
159
159
160
161
159
150
139
126
118
115
114
115
118
129
146
163
166
161
157
156
156
156
157
157
156
155
154
154
154
154
153
152
151
151
150
149
149
148
147
147
146
145
144
143
142
141
139
138
137
135
134
132
131
130
129
128
126
125
125
124
124
124
125
126
127
129
132
135
139
143
146
147
149
150
151
152
154
154
154
154
154
155
154
154
154
154
154
153
151
151
152
153
153
153
153
153
153
153
153
153
153
154
154
154
154
154
154
155
155
155
155
155
156
156
156
157
157
158
158
159
159
160
160
161
161
162
162
163
163
163
164
164
165
165
166
166
167
168
168
169
169
170
171
171
172
173
173
173
174
174
174
173
173
172
172
171
171
170
169
169
168
167
167
167
167
167
167
168
169
169
170
170
170
170
170
170
171
171
171
171
171
172
170
162
150
139
130
128
127
128
131
140
155
170
176
171
166
163
163
163
164
165
163
162
161
161
161
160
159
158
157
157
156
156
152
150
150
150
148
148
148
148
147
146
144
142
141
139
137
136
134
133
132
131
130
129
129
129
129
130
130
131
132
133
135
137
140
142
145
148
151
153
155
157
157
158
158
158
158
158
158
158
157
157
156
155
155
154
154
154
153
153
153
153
153
153
154
154
154
153
153
154
154
154
154
155
155
155
155
155
155
155
155
155
155
155
155
155
155
155
156
156
156
156
156
156
156
156
156
157
157
157
157
157
157
157
157
157
157
157
157
157
158
158
158
158
158
158
159
159
159
158
158
158
158
157
157
157
157
156
156
156
156
156
156
157
157
157
158
158
159
159
159
159
159
160
160
161
161
161
161
161
162
160
145
132
123
119
118
118
120
126
138
151
166
170
161
156
156
156
158
159
160
159
158
158
158
158
157
157
156
156
155
155
154
154
153
153
152
151
150
150
148
147
146
144
143
141
139
138
136
135
133
133
132
131
131
131
131
132
132
133
135
136
138
140
143
145
147
150
152
154
156
158
159
161
162
163
163
164
163
163
163
163
162
162
161
161
161
160
160
160
160
160
160
160
160
159
159
159
159
159
159
159
160
161
161
161
161
161
161
161
161
161
161
161
162
162
162
162
162
162
162
162
162
162
162
162
162
162
162
162
162
162
162
162
162
162
162
162
162
162
162
162
163
163
163
163
163
163
163
163
163
163
162
162
162
161
161
160
160
159
159
158
158
157
157
156
156
156
156
156
157
157
157
158
158
158
158
159
159
160
160
161
161
161
162
163
163
157
150
139
130
122
120
119
120
122
131
145
160
169
166
162
159
158
158
158
159
157
156
155
155
155
155
155
156
156
155
155
154
153
153
152
151
150
149
148
147
146
145
144
142
141
139
138
137
136
135
134
133
132
132
132
131
131
131
132
132
134
135
138
140
143
146
150
153
155
157
158
159
159
159
159
162
162
163
163
163
163
163
162
162
161
161
161
160
160
160
160
159
159
159
159
159
159
159
159
159
159
159
160
160
160
160
160
160
160
160
160
160
161
161
161
161
161
161
161
161
161
161
161
161
161
160
160
160
160
161
161
161
161
161
161
161
161
161
161
161
161
161
161
160
160
159
159
159
158
158
158
158
158
158
158
159
159
159
160
160
160
160
161
161
161
162
162
163
164
163
163
163
160
153
142
131
123
120
119
119
122
131
145
160
168
163
160
158
157
157
157
158
158
157
156
156
156
155
154
154
153
152
152
151
150
150
149
149
148
147
146
145
144
143
141
140
139
136
135
134
133
131
130
129
128
128
127
127
127
127
128
129
131
133
136
139
142
145
147
150
152
154
156
158
159
160
160
161
161
161
161
161
161
161
160
160
159
159
159
159
159
159
159
159
159
159
159
159
159
159
159
160
160
160
160
160
160
161
161
161
161
161
161
161
161
161
161
161
161
161
161
162
162
162
162
162
161
162
162
162
162
162
162
162
162
162
162
162
162
162
162
162
162
162
162
161
161
161
161
160
160
160
160
159
159
159
158
158
158
158
159
159
160
160
161
161
162
162
163
163
164
163
163
162
163
163
162
152
139
129
120
119
119
119
123
131
150
167
172
166
162
160
159
159
160
160
159
158
158
158
158
158
158
157
156
155
155
154
153
152
152
151
150
149
148
147
146
145
143
142
140
138
137
136
135
133
132
130
129
129
129
129
129
129
131
132
134
136
139
141
144
146
149
151
153
155
156
158
160
161
162
163
163
163
163
163
163
162
162
162
161
161
161
160
160
160
160
160
160
159
158
158
159
157
157
157
159
161
161
160
161
161
161
161
161
161
161
161
161
161
161
161
161
162
162
162
162
162
162
162
162
162
162
162
162
162
161
161
160
160
159
158
158
157
157
157
156
156
156
157
157
157
157
158
158
159
159
159
160
160
161
161
162
163
162
162
161
161
158
150
139
126
120
119
119
121
127
139
153
165
171
168
163
159
158
157
157
158
157
156
156
156
156
157
157
157
156
155
155
154
153
152
152
151
151
150
148
147
146
145
143
142
140
139
138
136
135
134
133
132
131
131
131
