329
330
331
331
331
331
332
333
333
334
335
335
335
337
336
338
339

338
339
340
339
343
340
343
352
340
344
344
345
344
344
344
346
345
345
344
345
343
349
345
345
344
341
342
339
341
340
340
338
337
342
337
338
335
334
333
332
332
331
332
331
329
330
330
330
330
330
331
330
331
331
331
332
331
333
332
333
334
334
336
336
337
336
338
339
339
340


340
340
341
342
343
342
345
343
344
350
344
348
349
344
343
343
343
344
350
342
343
343
342
340
343
343
338
337
338
342
338
337
334
334
335
333
332
331
331
331
331
331
330
330
330
330
330
330
330
331
331
330
332
331
332
333
334
334
335
336
335
337
336
337
339
340
337


341
340
342
342
342
345
349
343
347
350
343
345
345
343
345
345
344
345
349
345
344
341
341
340
342
340
342
339
338
336
336
337
336
334
334
333
333
332
331
332
331
330
330
330
330
329
330
330
330
331
331
331
332
331
332
334
334
334
335
336
336
337
336
338


339
338
340


341
343
342
344
347
343
343
346
346
343
344
345
346
344
344
348
342
346
342
342
342
348
340
342
353
339
338
338
339
337
338
335
335
334
333
333
334
331
331
330
329
329

331
329
330
330
330
330
330
330
336
328
333
333
333
334
334
336
335
336
336
337
337
338
339
340

340
341
342
342
344
345
343
346
346
355
344
345
343
346
343
342
351
342
345
342
342
342
340
340
340
342
337
336
336
336
336
334
336
336
333
333
333
332
331
332
330
330
330
330
329
330
330
330
331
332
331
329
332
333
333
334
334
335
333
336
337
336
338
338
339
339
340



338
342
343
342
344
344
347
346
347
346
344
348
346
344
344
346
348
341
342
342
344
340
345
340
338
343
337
338
337
340
338
335
334
332
333
333
331
331
332
331
330
330
330
330
330
330
330
330
330
332
